REACHABLE
[[[-0.031270758814838207, 0.03227386433894585, 0.6105562723694069], [0.9999890872814666, 0.0035062531147845295, -0.003042505015539654, -0.0005310059444330882]],
[[-0.04358536580323888, -0.010944339359793123, 0.6105562723694069], [0.8642628254801918, 0.5030310521804479, -0.002900389610357216, 0.0010613878716263206]],
[[-0.03227386433894585, -0.031270758814838207, 0.6105562723694069], [0.7046197770699728, 0.7095783575123961, -0.0025268538415963, 0.0017758980305574803]],
[[-0.3297408550207861, -0.06680798425572577, 0.5114744237747352], [0.9321116147522766, 0.2592608428348826, 0.2528840983835162, 0.0011805346533518097]],
[[-0.2989487225234224, 0.12290462356949522, 0.5199255131388575], [0.933905828280901, -0.2524517755135789, 0.2531558237887154, -0.0003763715571849076]],
[[-0.27087927281939306, 0.16060081068600462, 0.5250049748047011], [0.8927603050283114, -0.3750205725129013, 0.2496759288934143, -0.0007396448418641289]],
[[-0.29026071443356166, -0.15837171371417316, 0.5152334833428474], [0.8325003745708003, 0.49724954756375117, 0.24429962901742275, 0.001927420021619994]],
[[-0.2370847378736755, 0.19138982357317358, 0.530998292752293], [0.8359659642417835, -0.49114226665863353, 0.24482447666729037, -0.0010798019618173285]],
[[-0.2202316897088242, -0.2275082548132317, 0.5239622326520144], [0.6746883133935442, 0.7011935945743347, 0.23047030965354878, 0.0025832353321460855]],
[[-0.1592172528061813, 0.2290329003740852, 0.5449699270243604], [-0.6795879921861817, 0.6962027318090114, -0.23121234352354703, 0.0016683931347677016]],
[[-0.45384024609920937, 0.03227386433894585, 0.40961671487756723], [0.9250337667363244, 0.003442562665975295, 0.37986834813708503, 0.0008511994530029748]],
[[-0.4152702542137413, 0.15870828128681153, 0.42090464694760843], [0.8927018295702871, -0.24886114165355025, 0.37570144544059686, 8.61132788021262e-05]],
[[-0.3802734965883017, 0.21284435437449156, 0.42998578233386114], [0.8521427380370332, -0.36964039058537956, 0.37043038060498235, -0.00027830714559228637]],
[[-0.33700538380341327, 0.2583444429467641, 0.44100333841354317], [0.7961635547085558, -0.48402818163216893, 0.3630976951887475, -0.0006223217377669023]],
[[-0.29097655816355616, -0.31503913002190054, 0.43689977518898365], [0.6372397679766098, 0.6907012042029175, 0.3418311961722595, 0.002961660483041016]],
[[-0.234232790876012, 0.3184293356124136, 0.467478536732673], [-0.642066383781434, 0.6858574422845574, -0.3425621649929823, 0.0012265671742813478]],
[[-0.5443926217192564, 0.03227386433894585, 0.27819686465543747], [0.8675372056007342, 0.0033020072417182626, 0.4973596570061343, 0.001293261919952662]],
[[-0.5284622158982814, -0.13366730378604047, 0.27867393611943425], [0.834118577751556, 0.25028280567106154, 0.4915287922113485, 0.00204201247354086]],
[[-0.5018742276183382, 0.19033262775920934, 0.2944387455288799], [0.8358513725853824, -0.2439131009619921, 0.491791216036679, 0.00053840041703623]],
[[-0.49859962089108434, -0.2116764411484623, 0.28528919838619604], [0.7935457268029883, 0.3682931767798311, 0.4843960939082431, 0.0023975994437542086]],
[[-0.46119062999611926, 0.25900121284229444, 0.3082531410316087], [0.7961070927929088, -0.36221257202364504, 0.48478400103118974, 0.00017500453463122556]],
[[-0.45552202848004064, -0.2823281923271217, 0.29595421570333935], [0.7379152003831773, 0.47988063315703344, 0.4745400731443272, 0.002732091538014812]],
[[-0.4100639429049306, 0.3174974922622542, 0.32533264444609855], [0.741260477214912, -0.4741977635017221, 0.47504669996287474, -0.00017073291617688297]],
[[-0.3375595056977312, -0.3914110665647753, 0.328099651766926], [0.5856065770833907, 0.676140878456933, 0.44708777726644, 0.003313837684578506]],
[[-0.28652960997885585, 0.3973394249742085, 0.3671792319458984], [-0.5903319747234329, 0.6715501868965882, -0.44780341706379234, 0.0007865582028654641]],
[[-0.6105562723694069, 0.03227386433894585, -0.03127075881483817], [0.7092504406575536, 0.002854773258179599, 0.7049476888009892, 0.002103817449861591]],
[[-0.5643120007152381, 0.23733714478207588, -0.00463356895998321], [0.6793719692369734, -0.23015661253416247, 0.6967637751624962, 0.0013820420366274094]],
[[-0.5167880753913335, 0.32761837888586204, 0.01986724327557456], [0.6419067812179203, -0.3415350395504096, 0.6865190844113824, 0.001027142499580129]],
[[-0.45593167112586164, 0.4053819445346729, 0.050894152075816254], [0.5902278027861579, -0.44681573728972085, 0.6722993207007119, 0.0006844054624234046]],
[[-0.34274129131209047, -0.5014164497656668, 0.0768659582647942], [0.4437171769121448, 0.6354674176769408, 0.6318867969657909, 0.003913390880961328]],
[[-0.3064241534680461, 0.5141420387643935, 0.1286880979439592], [0.4481601640613192, -0.6316808843382559, 0.6325596664645389, 5.804696428415983e-05]],
[[0.07242254058760354, -0.2764231610109903, 0.5414274061011124], [0.8892064078123709, 0.38216764178316454, -0.0020265224560940638, -0.25150697748854245]],
[[0.10653523841952384, -0.26468924876964933, 0.5416532737522258], [0.8316173576958997, 0.49787014061760815, -0.001931924248719576, -0.2460369302225874]],
[[0.16746570802007368, -0.2246762828850916, 0.5443107834244363], [0.6738560357829227, 0.701778527557475, -0.0016124681816731712, -0.23113276546556727]],
[[-0.1689429659991881, -0.16555823861967936, 0.5646655366412903], [-0.6787557145915306, 0.6956177988258391, 0.0008704310322839477, 0.23538439723729299]],
[[-0.375844437390393, -0.05207717244878088, 0.4804449514754928], [0.8036509518553888, -0.48475485975856025, 0.24289623590626092, -0.24527393270861297]],
[[-0.4784156867584004, -0.10385333806845523, 0.36760214803694635], [0.8597259778758309, -0.2453057391269756, 0.3723021910322065, -0.24917348126365746]],
[[-0.47901184372814526, -0.035271601707656475, 0.37960768180713783], [0.8196387542468748, -0.3646747241530797, 0.36705386841789933, -0.24591893893884728]],
[[-0.4143484877980068, 0.1436541808147586, 0.42717353780377754], [-0.6120532176904143, 0.6770050558953629, -0.3393085706769604, 0.2278699631701154]],
[[-0.5268693321162148, -0.21552542231174243, 0.22529075351334038], [0.834853763522319, 0.003936657312300362, 0.492526401383552, -0.24580774499393188]],
[[-0.4380696682674465, -0.3648442737137373, 0.22311890571664883], [0.8018250921450922, 0.24803072216255215, 0.4867258194526101, -0.24218849505655712]],
[[-0.5584695050877495, -0.04903682915235742, 0.2459789130791022], [0.8035376955058339, -0.24040654348659618, 0.48698518428752446, -0.24367458626201494]],
[[-0.3754278071892422, -0.42580308654396815, 0.22922503677512424], [0.7617282975467279, 0.3646295313947874, 0.47962964080979226, -0.23826607431190772]],
[[-0.5520868967900812, 0.03289334179692271, 0.26251954377527575], [0.7642596378446792, -0.35731284119456197, 0.4800129990177128, -0.24046261487747342]],
[[-0.3035207514448926, -0.4744312760543797, 0.23997612829110854], [0.7067552913302084, 0.47484611996471116, 0.4698241156495888, -0.23298805004285802]],
[[-0.53184727560159, 0.109979755582655, 0.28256212273232184], [0.7100610184742433, -0.4679526413980023, 0.47032475055982687, -0.23585655585972362]],
[[-0.4560744183190111, 0.23957407695124464, 0.3307549107931501], [-0.5609452969276427, 0.6628119475609306, -0.4432203594807144, 0.222657632852248]],
[[-0.16645190252282152, -0.5880896213180292, 0.0352531679484262], [0.41613741057794373, 0.6281170811184141, 0.6248214682744709, -0.20468691013417087]],
[[-0.45151312841616315, 0.4006326152512837, 0.10211673158996074], [0.4205251068019965, -0.6232624533628454, 0.6254859652503314, -0.2084942784429063]],
[[0.11591821397793821, 0.314287431254189, 0.512430290507556], [0.8921269358575623, -0.3759217680200815, -0.0033932507648302486, 0.2505610685692705]],
[[0.15971121497940996, 0.28982495392392693, 0.5150652854722828], [0.8353453711931262, -0.49202528353712716, -0.0031398714364975515, 0.24515175343962486]],
[[-0.3142134544153497, 0.31521655993945735, 0.42036513867131897], [0.9331445844752795, 0.0026260810647242222, 0.2521228542526272, 0.2562583887860382]],
[[-0.3895601897609531, 0.20531512556048193, 0.425308102644828], [0.8989483857492625, 0.2554334010327012, 0.24916055589337405, 0.25409565653821975]],
[[-0.20398422227965424, 0.3899788299142413, 0.42556477025892736], [0.9007219849740015, -0.25039998429834903, 0.24942916039430307, 0.25255663810491735]],
[[-0.4102724864831845, 0.14260041655449968, 0.43143948873421195], [0.8574264630784423, 0.3762876559017592, 0.24558796572400116, 0.25082667367584294]],
[[-0.1412342825962215, 0.41035159233658436, 0.43181346955857014], [0.8600485087403276, -0.37152403410331186, 0.24598506409019372, 0.24855142646072823]],
[[-0.41867333792000955, 0.07812602707279541, 0.43978106418374596], [0.8004851110507314, 0.49063358349860203, 0.24066490070147228, 0.24613551012572057]],
[[-0.07681631359861946, 0.4184125672145571, 0.4402596983234919], [0.8039103177756909, -0.4862409487954513, 0.2411836347094597, 0.24316332987579556]],
[[-0.39908615996384617, -0.0455465108407305, 0.46201101359317887], [0.6445270544775098, 0.6920433558390691, 0.2269792926286057, 0.23268279698665673]],
[[0.046488355799771994, 0.39823819951343953, 0.462648455773039], [-0.6493682317389372, 0.6886682466393829, -0.22771246356650796, -0.22848193229184272]],
[[-0.4275886460001122, 0.2964857891291285, 0.3225872766587649], [0.8919515090940865, 0.0025565242872963613, 0.3746832982611215, 0.2530383427655303]],
[[-0.4939890970713684, 0.1523578142660861, 0.32796385900358715], [0.8582426786239576, 0.25171855693089573, 0.3702894294023927, 0.250884473583541]],
[[-0.3146302944800597, 0.4067350745798818, 0.33222399267322444], [0.8599907090645423, -0.24682256954581916, 0.37055416164618094, 0.24936764158046926]],
[[-0.5062079738719663, 0.07449967236216848, 0.3361572703545441], [0.8173156240568621, 0.3707978395434402, 0.3649398484704953, 0.24763491002705806]],
[[-0.24625042618309126, 0.4437864335919018, 0.3423634813619529], [0.8198996464714781, -0.36616955845700366, 0.3653311884195158, 0.24539265614775096]],
[[-0.5038598875414934, -0.0031058900297105483, 0.347726892229587], [0.7611958907187383, 0.4834250089984674, 0.357554457696511, 0.24297303689046387]],
[[-0.17366427119366154, 0.4670540804709063, 0.3556678664598482], [0.764571011118152, -0.4791648217335137, 0.35806560640410673, 0.2400443172369058]],
[[-0.4578404449731194, -0.1454361747310222, 0.3795113574483291], [0.6075253218957234, 0.6816350923705142, 0.3369968428524572, 0.22960776355229554]],
[[-0.027951749197253507, 0.4710151459525521, 0.39007929502340877], [-0.612293946440275, 0.6783843596233843, -0.33771902619920696, -0.22546985681688606]],
[[-0.5111045227067691, 0.2721907462849113, 0.1987027652333973], [0.8351161873482177, 0.002433047390670939, 0.4907936065502791, 0.24838815788146876]],
[[-0.5683342931363946, 0.09818500820869827, 0.20531502578735533], [0.8020844580651326, 0.24654463312496158, 0.4850132150063555, 0.2462487670343431]],
[[-0.3974057809756996, 0.4139924527700781, 0.21325411766800373], [0.8037970614258739, -0.2418926325229286, 0.485272582009771, 0.24476267582888264]],
[[-0.5726282366256805, 0.0073566207025396405, 0.21642829564697036], [0.7619838707947878, 0.3631651732312164, 0.4779420789468452, 0.24302883724231059]],
[[-0.32498152436480665, 0.4660530490434305, 0.22799120313007304], [0.7645152110927377, -0.3587771993559693, 0.4783254404773578, 0.24083229667525224]],
[[-0.5605351550139862, -0.08129187617025868, 0.23235833376062828], [0.7070056099333872, 0.4734118693417659, 0.468171249783058, 0.2384113272073982]],
[[-0.24614499262009998, 0.503119155466776, 0.2471480981442076], [0.7103113370774184, -0.46938689201742445, 0.4686718892705757, 0.23554282138504884]],
[[-0.49126168497563716, -0.23858945299774825, 0.2766504187580112], [0.55651283633618, 0.6671919225110812, 0.4409573563184442, 0.22517776041319373]],
[[-0.08261616239368227, 0.5293129258627138, 0.2963120325465096], [-0.5611809518004041, 0.6641621794801513, -0.44166431827800745, -0.22112707008387333]],
[[0.2592298761807014, -0.3018089860527384, 0.46530595487163706], [0.6360099676851209, 0.6915655200808548, -0.00110181598692208, -0.3423846549045299]],
[[-0.2625147106287944, -0.24682887451546426, 0.49493429646242876], [-0.6408365835116694, 0.6849931264065751, 0.00037084252125053744, 0.34657288724262864]],
[[-0.390649898248492, -0.2773668104941167, 0.3811282380519888], [0.8592805874737908, -0.24499271432030995, 0.24810391766734113, -0.3742457693214809]],
[[-0.41640332078828435, -0.21800482667280235, 0.3922761710704594], [0.8191998226144867, -0.36436623863471806, 0.24465663964535173, -0.3691775077106421]],
[[-0.4310823495341526, -0.15702970107853584, 0.40534936203866195], [0.7638854550170247, -0.4773982673456915, 0.23985132592519492, -0.3619962120827657]],
[[-0.42822676969915674, -0.03885354288376832, 0.43578740266815225], [-0.6116482095702344, 0.6767204121549226, -0.22637100179908334, 0.34160230428808025]],
[[-0.4183865079022836, -0.35484188474849954, 0.2717322050094815], [0.8506375607384588, 0.004311582585702147, 0.3715396171337658, -0.3719616522084428]],
[[-0.493131523343602, -0.216583904070835, 0.29105177819093236], [0.8191428611242806, -0.2414731158137123, 0.3674193156133178, -0.36837312858096544]],
[[-0.5107989965290318, -0.14256886947889177, 0.3058707684730508], [0.7796394528297057, -0.35908474544763735, 0.36220885247257767, -0.36335275590632937]],
[[-0.5151196255851007, -0.06892947817691086, 0.3235721291786024], [0.7251275908089282, -0.47040985693598153, 0.35496118902606894, -0.35624023946589245]],
[[-0.4864847645025775, 0.06704868822131538, 0.3655618575843524], [-0.5751355085706535, 0.6665519910874084, -0.33466671015426636, 0.336044336043284]],
[[-0.49972092148265834, -0.3190637576619193, 0.15256390000596012], [0.7946324568478289, 0.004151598191172677, 0.4858707300903157, -0.36396656947438755]],
[[-0.37777770640722896, -0.45764360863211323, 0.1504817478158748], [0.7620862946309438, 0.24467189205645948, 0.48011542395236606, -0.3589558921330359]],
[[-0.5662680664514071, -0.15184598973818605, 0.1763000190688173], [0.7637738548288125, -0.23662302278505856, 0.48037099553783313, -0.3604202525098846]],
[[-0.30073068814786147, -0.5093585337379116, 0.1578396709332868], [0.7225785110584367, 0.35952825259595766, 0.4730741111455417, -0.35329962552458843]],
[[-0.5202522771618964, 0.16911025671732638, 0.27484125161029077], [-0.5248026130297452, 0.6524897838422696, -0.4369425647232993, 0.32851256668234385]],
[[-0.06747714293935636, -0.6083599868888875, -0.011974386796167281], [0.3822300994704009, 0.6185187774817862, 0.6155013783366604, -0.3041261848075715]],
[[0.16760018184061853, 0.42097956138560494, 0.4116853317139501], [0.8512063966160196, -0.3709726731164334, -0.0036944840320945497, 0.3712321451908352]],
[[0.22571772147810526, 0.3863685207181369, 0.41781491214969924], [0.7952462124492136, -0.48533343102270793, -0.003435858133349794, 0.3633498688565805]],
[[0.3159736434682455, 0.28990981087140677, 0.436934071227865], [-0.6412020678878307, 0.6870872425653345, 0.002784155068380014, -0.34170644033903314]],
[[-0.1509880295110787, 0.49434503774630767, 0.3280610050064059], [0.859677684256858, -0.247267959948575, 0.2454818735890352, 0.37356591494479036]],
[[-0.07310419247609865, 0.5062436177809237, 0.33640987040268205], [0.8195911609513916, -0.36660849009060387, 0.24207261964896337, 0.36778988491955955]],
[[0.004437805948373903, 0.5035756595497503, 0.3481239511915956], [0.7642688148893555, -0.47959480458835196, 0.23731998894371642, 0.35994615570377403]],
[[0.14639360900741155, 0.4570080142209947, 0.380146038497599], [-0.6120093026950367, 0.6787893677469536, -0.22398668508488292, -0.3384074256943504]],
[[-0.2545271077931527, 0.5020031488785025, 0.24084686902754354], [0.819534199461025, -0.24371536726928755, 0.36483529481202576, 0.36859426374717]],
[[-0.17176903967525506, 0.5303943722844222, 0.2529340452843474], [0.7800250823800536, -0.36129428726638896, 0.3596625278671128, 0.36286386393435704]],
[[-0.08687605650156732, 0.5428899014577921, 0.26929821779531893], [0.7255053109063012, -0.4725740799572404, 0.3524670917752377, 0.35508131800476617]],
[[-0.5214601473315387, -0.07488806604453004, 0.3118806129193186], [0.5707944497332503, 0.6709184577284821, 0.33160706250463595, 0.337785268900858]],
[[0.0757597472057127, 0.5207947835177651, 0.31278055976972174], [-0.5754911558401898, 0.6685897435460739, -0.3323183529206155, -0.33370976816340925]],
[[-0.33168645827892357, 0.4978935711315756, 0.12994040798027542], [0.7641572147007272, -0.23881956002682117, 0.4778396569003094, 0.361522114492874]],
[[-0.24578002908164173, 0.5412457959157162, 0.1464363005338498], [0.7254503317977693, -0.3539575325933899, 0.47095773059208806, 0.35585770503995207]],
[[-0.15556848180916016, 0.5676633177539799, 0.16839011120011418], [0.6720455934640726, -0.4628727835558395, 0.46139517715415884, 0.34816376576820696]],
[[-0.5458810116952512, -0.17391122034684964, 0.21579442280533678], [0.5205536377852816, 0.6566099205210669, 0.433947819056775, 0.3310236013556663]],
[[0.023015536079234927, 0.5685389210357029, 0.22590308712453228], [-0.5251507162263453, 0.6544843110048489, -0.43464402169026767, -0.32703455210799226]],
[[-0.2721992998069055, -0.4050695073531474, 0.3696277313773396], [0.7395557538205998, -0.47299966694376866, -0.0003198587185219622, -0.47888256394700945]],
[[0.341266331958923, -0.35657842111831617, 0.36219821185356604], [0.5840012299458301, 0.6772691323950549, -0.0005674506369320771, -0.4474916495905316]],
[[-0.347010430776541, -0.3071345880336717, 0.4000631577282716], [-0.588726627611007, 0.6704219329584135, -0.0001481948510805588, 0.45159205121073387]],
[[-0.4035171802422325, -0.3723936773158904, 0.27073097116945455], [0.8026649680273343, -0.23979318193024513, 0.2436228543799612, -0.4887495184469994]],
[[-0.445205426885097, -0.30822118241825586, 0.2856400794471963], [0.7633996721394091, -0.3567084487409629, 0.24020932251004257, -0.48195384992535184]],
[[-0.4744312760543797, -0.23997612829110854, 0.30352075144489254], [0.7092187338620735, -0.46736067539486387, 0.2354514925800561, -0.47238267512916127]],
[[-0.4946571861945244, -0.1013613803854204, 0.34617706902440487], [-0.5601523535304261, 0.6622546590447892, -0.22210602861240664, 0.44532800492544744]],
[[-0.38826014855183, -0.4437119886437098, 0.16483977853116938], [0.7941973737201147, 0.0044573789438688925, 0.3645466672683218, -0.4861444209590303]],
[[-0.49605340640122064, -0.30565837290327175, 0.18788933305996836], [0.763343871976372, -0.23632082655767264, 0.36046915747645686, -0.48116587011709333]],
[[-0.5295240951052954, -0.2277461814865557, 0.20623853647429868], [0.7246489545140771, -0.3514955590870504, 0.35531391887388086, -0.4744331277934978]],
[[-0.5484187681636126, -0.14779184469366247, 0.22845754479508873], [0.6712607935379309, -0.4604617386418273, 0.3481435818116475, -0.4649516012484157]],
[[-0.5433830799557559, 0.006696186834780618, 0.28193689702754443], [-0.5244121746360003, 0.6522153798511192, -0.328067802096674, 0.43815351032163735]],
[[-0.5602007865059504, -0.23269270226866415, 0.08262935020240247], [0.7091094282441831, -0.2315358254758392, 0.4710260224751281, -0.4708391174635928]],
[[-0.22091830493095188, -0.567372386075285, 0.06389133330525075], [0.668764444294438, 0.35230820112470046, 0.46381321122041097, -0.46207181678636694]],
[[-0.5858924356859267, -0.1431855372014897, 0.10500657192853621], [0.6712069517602024, -0.3442989031545654, 0.46418311424086917, -0.4641912740287341]],
[[-0.5953053081001476, -0.053622747716076294, 0.13241833513911969], [0.6189201717406411, -0.4509289988834535, 0.4546755152680483, -0.4548307883075174]],
[[-0.567807284230776, 0.11289196576523063, 0.1991198544745918], [-0.4751523783203634, 0.6383320959407248, -0.4280811829263571, 0.42837934685798923]],
[[-0.1710930044768471, -0.5682469744551177, -0.1504027401596797], [0.47205409155210726, 0.4309727689928274, 0.6413516890197055, -0.42437651741685894]],
[[0.033548066208692134, -0.6070368253066064, -0.07196696729183222], [0.3356747716672818, 0.6050917319425059, 0.602436730789854, -0.39781457805997045]],
[[0.39229622767779837, 0.3364537260751011, 0.32817828137431576], [-0.5892037207672061, 0.6731555340217528, 0.003002075932972479, -0.44686866400874004]],
[[0.23954670471125405, 0.4904338168016106, 0.2772913125311238], [-0.5606236632759747, 0.664955122883228, -0.21899394621259813, -0.4422414009515594]],
[[0.17480967616064896, 0.5452404736840439, 0.21668601104653307], [-0.5248763122314788, 0.6548747494012239, -0.3250030780551423, -0.43590931473439176]],
[[-0.30752239688242045, -0.5202294117962187, -0.0979273144924395], [-0.6392875853926506, -0.004515999440789674, -0.34460999020158783, 0.6874117781335086]],
[[-0.05797320888879946, -0.5874416814787764, -0.1623262219063001], [-0.5211807468208837, -0.331828157217248, -0.4375696804892162, 0.6532943352995094]],
[[0.0494920797813131, -0.5945344520437137, -0.13739630190747942], [-0.47128992566952754, -0.43150983406014415, -0.42826320971800036, 0.6389645552565636]],
[[0.017490190808099132, -0.5299792696862305, -0.3059648531027637], [-0.33627217486930205, -0.40491220238365483, -0.6032473902792373, 0.5992159323761743]]]

k FAREST
[[[-0.03227386433894585, -0.031270758814838207, 0.6105562723694069], [0.7046197770699728, 0.7095783575123961, -0.0025268538415963, 0.0017758980305574803]],
[[-0.2202316897088242, -0.2275082548132317, 0.5239622326520144], [0.6746883133935442, 0.7011935945743347, 0.23047030965354878, 0.0025832353321460855]],
[[0.10653523841952384, -0.26468924876964933, 0.5416532737522258], [0.8316173576958997, 0.49787014061760815, -0.001931924248719576, -0.2460369302225874]],
[[-0.39908615996384617, -0.0455465108407305, 0.46201101359317887], [0.6445270544775098, 0.6920433558390691, 0.2269792926286057, 0.23268279698665673]],
[[0.046488355799771994, 0.39823819951343953, 0.462648455773039], [-0.6493682317389372, 0.6886682466393829, -0.22771246356650796, -0.22848193229184272]],
[[-0.4578404449731194, -0.1454361747310222, 0.3795113574483291], [0.6075253218957234, 0.6816350923705142, 0.3369968428524572, 0.22960776355229554]],
[[-0.027951749197253507, 0.4710151459525521, 0.39007929502340877], [-0.612293946440275, 0.6783843596233843, -0.33771902619920696, -0.22546985681688606]],
[[-0.08261616239368227, 0.5293129258627138, 0.2963120325465096], [-0.5611809518004041, 0.6641621794801513, -0.44166431827800745, -0.22112707008387333]],
[[0.3159736434682455, 0.28990981087140677, 0.436934071227865], [-0.6412020678878307, 0.6870872425653345, 0.002784155068380014, -0.34170644033903314]],
[[0.14639360900741155, 0.4570080142209947, 0.380146038497599], [-0.6120093026950367, 0.6787893677469536, -0.22398668508488292, -0.3384074256943504]],
[[-0.5214601473315387, -0.07488806604453004, 0.3118806129193186], [0.5707944497332503, 0.6709184577284821, 0.33160706250463595, 0.337785268900858]],
[[0.0757597472057127, 0.5207947835177651, 0.31278055976972174], [-0.5754911558401898, 0.6685897435460739, -0.3323183529206155, -0.33370976816340925]],
[[-0.5458810116952512, -0.17391122034684964, 0.21579442280533678], [0.5205536377852816, 0.6566099205210669, 0.433947819056775, 0.3310236013556663]],
[[0.023015536079234927, 0.5685389210357029, 0.22590308712453228], [-0.5251507162263453, 0.6544843110048489, -0.43464402169026767, -0.32703455210799226]],
[[-0.347010430776541, -0.3071345880336717, 0.4000631577282716], [-0.588726627611007, 0.6704219329584135, -0.0001481948510805588, 0.45159205121073387]],
[[-0.1710930044768471, -0.5682469744551177, -0.1504027401596797], [0.47205409155210726, 0.4309727689928274, 0.6413516890197055, -0.42437651741685894]],
[[0.17480967616064896, 0.5452404736840439, 0.21668601104653307], [-0.5248763122314788, 0.6548747494012239, -0.3250030780551423, -0.43590931473439176]],
[[-0.05797320888879946, -0.5874416814787764, -0.1623262219063001], [-0.5211807468208837, -0.331828157217248, -0.4375696804892162, 0.6532943352995094]],
[[0.0494920797813131, -0.5945344520437137, -0.13739630190747942], [-0.47128992566952754, -0.43150983406014415, -0.42826320971800036, 0.6389645552565636]],
[[0.017490190808099132, -0.5299792696862305, -0.3059648531027637], [-0.33627217486930205, -0.40491220238365483, -0.6032473902792373, 0.5992159323761743]]]